300.000000 0.382882 0.995139
310.000000 0.399851 0.995310
320.000000 0.406299 0.995718
330.000000 0.407278 0.996271
340.000000 0.409372 0.996844
350.000000 0.417715 0.997328
360.000000 0.434746 0.997658
370.000000 0.460340 0.997814
380.000000 0.492434 0.997806
390.000000 0.528071 0.997663
400.000000 0.564410 0.997424
410.000000 0.599432 0.997137
420.000000 0.632112 0.996848
430.000000 0.662292 0.996594
440.000000 0.690398 0.996396
450.000000 0.717161 0.996255
460.000000 0.743310 0.996154
470.000000 0.769205 0.996065
480.000000 0.794846 0.995953
490.000000 0.819571 0.995788
500.000000 0.842427 0.995542
510.000000 0.863513 0.995195
520.000000 0.882513 0.994732
530.000000 0.898650 0.994146
540.000000 0.910531 0.993440
550.000000 0.917805 0.992621
560.000000 0.923556 0.991703
570.000000 0.932875 0.990707
580.000000 0.946821 0.989658
590.000000 0.958771 0.988584
600.000000 0.959789 0.987514
610.000000 0.947771 0.986471
620.000000 0.929389 0.985479
630.000000 0.914328 0.984553
640.000000 0.909738 0.983703
650.000000 0.917768 0.982933
660.000000 0.935807 0.982238
670.000000 0.957932 0.981607
680.000000 0.977230 0.981021
690.000000 0.988273 0.980451
700.000000 0.988758 0.979854
710.000000 0.979169 0.979165
720.000000 0.961138 0.978279
730.000000 0.935412 0.977008
740.000000 0.899827 0.974995
750.000000 0.846382 0.971463
760.000000 0.755866 0.964435
770.000000 0.592776 0.947616
780.000000 0.330808 0.891859
790.000000 0.059070 0.541079
800.000000 0.000000 0.000000
810.000000 0.000000 0.000000
820.000000 0.000000 0.000000
830.000000 0.000000 0.000000
840.000000 0.000000 0.000000
850.000000 0.000000 0.000000
860.000000 0.000000 0.000000
870.000000 0.000000 0.000000
880.000000 0.000000 0.000000
890.000000 0.000000 0.000000
900.000000 0.000000 0.000000
