70.500000 12716963092832054149120.000000
71.500000 12501722324570292092928.000000
72.500000 12292303785480601731072.000000
73.500000 12088538553621160132608.000000
74.500000 11890262865212501655552.000000
75.500000 11697317884152441208832.000000
76.500000 11509549482455926308864.000000
77.500000 11326808031228581642240.000000
78.500000 11148948201796632838144.000000
79.500000 10975828776629114503168.000000
80.500000 10807312469700867260416.000000
81.500000 10643265755956524351488.000000
82.500000 10483558709547040243712.000000
83.500000 10328064850520889622528.000000
84.500000 10176660999662087438336.000000
85.500000 10029227141176794021888.000000
86.500000 9885646292939100389376.000000
87.500000 9745804384015283650560.000000
88.500000 9609590139193873399808.000000
89.500000 9476894970256356802560.000000
90.500000 9347612873730889351168.000000
91.500000 9221640334877918232576.000000
92.500000 9098876237663428411392.000000
93.500000 8979221780481497366528.000000
94.500000 8862580397393909383168.000000
95.500000 8748857684660011925504.000000
96.500000 8637961332335422996480.000000
97.500000 8529801060723215826944.000000
98.500000 8424288561466150223872.000000
99.500000 8321337443073024589824.000000
100.500000 8220863180676789174272.000000
101.500000 8122783069826277441536.000000
102.500000 8027016184117492449280.000000
103.500000 7933483336474449412096.000000
104.500000 7842107043893270806528.000000
105.500000 7752811495467058724864.000000
106.500000 7665522523512637489152.000000
107.500000 7580167577623780655104.000000
108.500000 7496675701478986350592.000000
109.500000 7414977512235224530944.000000
110.500000 7335005182342444613632.000000
111.500000 7256692423616869957632.000000
112.500000 7179974473414352044032.000000
113.500000 7104788082748249079808.000000
114.500000 7031071506199599906816.000000
115.500000 6958764493470337859584.000000
116.500000 6887808282433746370560.000000
117.500000 6818145593539279454208.000000
118.500000 6749720625432273879040.000000
119.500000 6682479051652242341888.000000
120.500000 6616368018276548083712.000000
121.500000 6551336142379790893056.000000
122.500000 6487333511182314110976.000000
123.500000 6424311681764659560448.000000
124.500000 6362223681228232458240.000000
125.500000 6301024007185805344768.000000
126.500000 6240668628468919959552.000000
127.500000 6181114985942893985792.000000
128.500000 6122321993323593596928.000000
129.500000 6064250037893779685376.000000
130.500000 6006860981020546564096.000000
131.500000 5950118158379056627712.000000
132.500000 5893986379791539896320.000000
133.500000 5838431928594403950592.000000
134.500000 5783422560450095611904.000000
135.500000 5728927501524385398784.000000
136.500000 5674917445953589870592.000000
137.500000 5621364552530358435840.000000
138.500000 5568242440540694511616.000000
139.500000 5515526184688914792448.000000
140.500000 5463192309051445739520.000000
141.500000 5411218780004507713536.000000
142.500000 5359584998074914701312.000000
143.500000 5308271788667415035904.000000
144.500000 5257261391626303963136.000000
145.500000 5206537449593224822784.000000
146.500000 5156084995127338074112.000000
147.500000 5105890436558375354368.000000
148.500000 5055941542547271188480.000000
149.500000 5006227425333385101312.000000
150.500000 4956738522651565228032.000000
151.500000 4907466578306508259328.000000
152.500000 4858404621396136165376.000000
153.500000 4809546944179805880320.000000
154.500000 4760889078591405424640.000000
155.500000 4712427771401407561728.000000
156.500000 4664160958036036812800.000000
157.500000 4616087735065744244736.000000
158.500000 4568208331378991824896.000000
159.500000 4520524078061391446016.000000
160.500000 4473037377003856068608.000000
161.500000 4425751668267248779264.000000
162.500000 4378671396234609033216.000000
163.500000 4331801974585514524672.000000
164.500000 4285149750130620497920.000000
165.500000 4238721965547724472320.000000
166.500000 4192526721063890452480.000000
167.500000 4146572935131271004160.000000
168.500000 4100870304147250872320.000000
169.500000 4055429261272299339776.000000
170.500000 4010260934401760690176.000000
171.500000 3965377103350193979392.000000
172.500000 3920790156309441806336.000000
173.500000 3876513045643790909440.000000
174.500000 3832559243087760588800.000000
175.500000 3788942694413949730816.000000
176.500000 3745677773640236007424.000000
177.500000 3702779236847207841792.000000
178.500000 3660262175678214963200.000000
179.500000 3618141970595695296512.000000
180.500000 3576434243968555286528.000000
181.500000 3535154813066397876224.000000
182.500000 3494319643037069213696.000000
183.500000 3453944799944680931328.000000
184.500000 3414046403945652289536.000000
185.500000 3374640582680574427136.000000
186.500000 3335743424959748243456.000000
187.500000 3297370934820173512704.000000
188.500000 3259538986031443345408.000000
189.500000 3222263277127578681344.000000
190.500000 3185559287041166934016.000000
191.500000 3149442231415371464704.000000
192.500000 3113927019668446904320.000000
193.500000 3079028212884173225984.000000
194.500000 3044759982600391491584.000000
195.500000 3011136070566308478976.000000
196.500000 2978169749537660338176.000000
197.500000 2945873785176992514048.000000
198.500000 2914260399124462436352.000000
199.500000 2883341233302440771584.000000
200.500000 2853127315515032207360.000000
201.500000 2823629026401296842752.000000
202.500000 2794856067798473900032.000000
203.500000 2766817432568935743488.000000
204.500000 2739521375941938380800.000000
205.500000 2712975388418408185856.000000
206.500000 2687186170284093210624.000000
207.500000 2662159607773454663680.000000
208.500000 2637900750923564580864.000000
209.500000 2614413793154144141312.000000
210.500000 2591702052606623350784.000000
211.500000 2569767955271840169984.000000
212.500000 2548613019932631236608.000000
213.500000 2528237844944210886656.000000
214.500000 2508642096871743946752.000000
215.500000 2489824501001126674432.000000
216.500000 2471782833735448657920.000000
217.500000 2454513916886137176064.000000
218.500000 2438013613864298479616.000000
219.500000 2422276827774178557952.000000
220.500000 2407297501407316279296.000000
221.500000 2393068619132318515200.000000
222.500000 2379582210671852388352.000000
223.500000 2366829356754981617664.000000
224.500000 2354800196629567897600.000000
225.500000 2343483937416177254400.000000
226.500000 2332868865281581121536.000000
227.500000 2322942358406790119424.000000
228.500000 2313690901721329172480.000000
229.500000 2305100103372452134912.000000
230.500000 2297154712894928322560.000000
231.500000 2289838641044172308480.000000
232.500000 2283134981252615241728.000000
233.500000 2277026032666523205632.000000
234.500000 2271493324717822050304.000000
235.500000 2266517643182962638848.000000
236.500000 2262079057678479130624.000000
237.500000 2258156950540536512512.000000
238.500000 2254730047033666699264.000000
239.500000 2251776446831745040384.000000
240.500000 2249273656712393916416.000000
241.500000 2247198624404147535872.000000
242.500000 2245527773524059488256.000000
243.500000 2244237039541862006784.000000
244.500000 2243301906705371627520.000000
245.500000 2242697445860564271104.000000
246.500000 2242398353098561552384.000000
247.500000 2242378989160775024640.000000
248.500000 2242613419532530221056.000000
249.500000 2243075455154789548032.000000
250.500000 2243738693682914131968.000000
251.500000 2244576561220929716224.000000
252.500000 2245562354459424063488.000000
253.500000 2246669283144918892544.000000
254.500000 2247870512808470511616.000000
255.500000 2249139207681268252672.000000
256.500000 2250448573725120135168.000000
257.500000 2251771901705958457344.000000
258.500000 2253082610238868946944.000000
259.500000 2254354288733607952384.000000
260.500000 2255560740170182950912.000000
261.500000 2256676023634691883008.000000
262.500000 2257674496546465120256.000000
263.500000 2258530856508411346944.000000
264.500000 2259220182713396101120.000000
265.500000 2259717976840623095808.000000
266.500000 2260000203377034133504.000000
267.500000 2260043329300051525632.000000
268.500000 2259824363059198820352.000000
269.500000 2259320892795565637632.000000
270.500000 2258511123739465744384.000000
271.500000 2257373914728146927616.000000
272.500000 2255888813786945028096.000000
273.500000 2254036092718888255488.000000
274.500000 2251796780649383198720.000000
275.500000 2249152696474317094912.000000
276.500000 2246086480161624555520.000000
277.500000 2242581622858160537600.000000
278.500000 2238622495755472732160.000000
279.500000 2234194377669932744704.000000
280.500000 2229283481294517305344.000000
281.500000 2223876978081386201088.000000
282.500000 2217963021716334837760.000000
283.500000 2211530770148049289216.000000
284.500000 2204570406137072975872.000000
285.500000 2197073156291256647680.000000
286.500000 2189031308556464553984.000000
287.500000 2180438228133204721664.000000
288.500000 2171288371791830188032.000000
289.500000 2161577300560898686976.000000
290.500000 2151301690765231259648.000000
291.500000 2140459343392184205312.000000
292.500000 2129049191766577381376.000000
293.500000 2117071307516702621696.000000
294.500000 2104526904815783247872.000000
295.500000 2091418342885212291072.000000
296.500000 2077749126747849228288.000000
297.500000 2063523906221627932672.000000
298.500000 2048748473145654771712.000000
299.500000 2033429756832969916416.000000
300.500000 2017575817746080595968.000000
301.500000 2001195839393350549504.000000
302.500000 1984300118446282637312.000000
303.500000 1966900053079746150400.000000
304.500000 1949008129539122921472.000000
305.500000 1930637906940393947136.000000
306.500000 1911804000311145398272.000000
307.500000 1892522061882516307968.000000
308.500000 1872808760644120084480.000000
309.500000 1852681760176004661248.000000
310.500000 1832159694773803810816.000000
311.500000 1811262143885268746240.000000
312.500000 1790009604878495907840.000000
313.500000 1768423464164256907264.000000
314.500000 1746525966696997978112.000000
315.500000 1724340183881198862336.000000
316.500000 1701889979912023179264.000000
317.500000 1679199976581322768384.000000
318.500000 1656295516582369296384.000000
319.500000 1633202625348885020672.000000
320.500000 1609947971466256187392.000000
321.500000 1586558825695114690560.000000
322.500000 1563063018649801981952.000000
323.500000 1539488897176583274496.000000
324.500000 1515865279478865592320.000000
325.500000 1492221409039051915264.000000
326.500000 1468586907389105012736.000000
327.500000 1444991725784295538688.000000
328.500000 1421466095837086744576.000000
329.500000 1398040479170532737024.000000
330.500000 1374745516153046302720.000000
331.500000 1351611973778856214528.000000
332.500000 1328670692760935202816.000000
333.500000 1305952533905627938816.000000
334.500000 1283488323840670171136.000000
335.500000 1261308800170711056384.000000
336.500000 1239444556136845148160.000000
337.500000 1217925984859067252736.000000
338.500000 1196783223242873634816.000000
339.500000 1176046095633542938624.000000
340.500000 1155744057303891705856.000000
341.500000 1135906137863461928960.000000
342.500000 1116560884679244513280.000000
343.500000 1097736306400083705856.000000
344.500000 1079459816678866026496.000000
345.500000 1061758178188483362816.000000
346.500000 1044657447029316517888.000000
347.500000 1028182917627669250048.000000
348.500000 1012359068226089123840.000000
349.500000 997209507067959967744.000000
350.500000 982756919379993427968.000000
351.500000 969023015257379176448.000000
352.500000 956028478557315923968.000000
353.500000 943792916907446108160.000000
354.500000 932334812936296333312.000000
355.500000 921671476833310867456.000000
356.500000 911819000346228162560.000000
357.500000 902792212323616686080.000000
358.500000 894604635910175850496.000000
359.500000 887268447501969129472.000000
360.500000 880794437568136085504.000000
361.500000 875191973444699029504.000000
362.500000 870468964204952027136.000000
363.500000 866631827709525884928.000000
364.500000 863685459937522483200.000000
365.500000 861633206698225827840.000000
366.500000 860476837820633710592.000000
367.500000 860216523915621171200.000000
368.500000 860850815802719076352.000000
369.500000 862376626690473328640.000000
370.500000 864789217195974983680.000000
371.500000 868082183285522300928.000000
372.500000 872247447214433894400.000000
373.500000 877275251539814383616.000000
374.500000 883154156275539378176.000000
375.500000 889871039253934768128.000000
376.500000 897411099753516498944.000000
377.500000 905757865446779387904.000000
378.500000 914893202716361490432.000000
379.500000 924797330381988298752.000000
380.500000 935448836874376839168.000000
381.500000 946824700885852749824.000000
382.500000 958900315520688324608.000000
383.500000 971649515961261228032.000000
384.500000 985044610658912174080.000000
385.500000 999056416051022397440.000000
386.500000 1013654294798208204800.000000
387.500000 1028806197527756931072.000000
388.500000 1044478708061451583488.000000
389.500000 1060637092097823473664.000000
390.500000 1077245349310602805248.000000
391.500000 1094266268816751329280.000000
392.500000 1111661487958973612032.000000
393.500000 1129391554339033972736.000000
394.500000 1147415991029555920896.000000
395.500000 1165693364883319291904.000000
396.500000 1184181357850363953152.000000
397.500000 1202836841204505378816.000000
398.500000 1221615952572217556992.000000
399.500000 1240474175648211140608.000000
400.500000 1259366422473491349504.000000
401.500000 1278247118143246041088.000000
402.500000 1297070287803612397568.000000
403.500000 1315789645788176711680.000000
404.500000 1334358686737125343232.000000
405.500000 1352730778534148308992.000000
406.500000 1370859256888672911360.000000
407.500000 1388697521383719305216.000000
408.500000 1406199132802631073792.000000
409.500000 1423317911541302689792.000000
410.500000 1440008036906084859904.000000
411.500000 1456224147091630063616.000000
412.500000 1471921439627249451008.000000
413.500000 1487055772075226300416.000000
414.500000 1501583762759688388608.000000
415.500000 1515462891300383358976.000000
416.500000 1528651598721834024960.000000
417.500000 1541109386905040453632.000000
418.500000 1552796917146051936256.000000
419.500000 1563676107583505301504.000000
420.500000 1573710229255460225024.000000
421.500000 1582864000544761970688.000000
422.500000 1591103679771603632128.000000
423.500000 1598397155691999264768.000000
424.500000 1604714035661579747328.000000
425.500000 1610025731225422135296.000000
426.500000 1614305540896543735808.000000
427.500000 1617528729888308592640.000000
428.500000 1619672606569231024128.000000
429.500000 1620716595412543995904.000000
430.500000 1620642306217484484608.000000
431.500000 1619433599384443420672.000000
432.500000 1617076647032034164736.000000
433.500000 1613559989750641197056.000000
434.500000 1608874588794235387904.000000
435.500000 1603013873520023961600.000000
436.500000 1595973783894031859712.000000
437.500000 1587752807889738137600.000000
438.500000 1578352013616652484608.000000
439.500000 1567775076025969672192.000000
440.500000 1556028298051336536064.000000
441.500000 1543120626054195838976.000000
442.500000 1529063659455156846592.000000
443.500000 1513871654445290881024.000000
444.500000 1497561521684285227008.000000
445.500000 1480152817905772265472.000000
446.500000 1461667731364054302720.000000
447.500000 1442131061070715420672.000000
448.500000 1421570189784252416000.000000
449.500000 1400015050730844717056.000000
450.500000 1377498088049653579776.000000
451.500000 1354054210971624538112.000000
452.500000 1329720741756488122368.000000
453.500000 1304537357428667449344.000000
454.500000 1278546025368861278208.000000
455.500000 1251790932834313830400.000000
456.500000 1224318410497027211264.000000
457.500000 1196176850105468977152.000000
458.500000 1167416616391569965056.000000
459.500000 1138089953361009180672.000000
460.500000 1108250885120820248576.000000
461.500000 1077955111414264233984.000000
462.500000 1047259898048592216064.000000
463.500000 1016223962416744759296.000000
464.500000 984907354329152618496.000000
465.500000 953371332386570895360.000000
466.500000 921678236139244355584.000000
467.500000 889891354291624345600.000000
468.500000 858074789225307439104.000000
469.500000 826293318125741015040.000000
470.500000 794612251010604335104.000000
471.500000 763097285969435033600.000000
472.500000 731814361935175614464.000000
473.500000 700829509318609076224.000000
474.500000 670208698846296408064.000000
475.500000 640017688951457054720.000000
476.500000 610321872075251908608.000000
477.500000 581186120243119259648.000000
478.500000 552674630287118172160.000000
479.500000 524850769090640871424.000000
480.500000 497776919236330389504.000000
481.500000 471514325441551007744.000000
482.500000 446122942168316051456.000000
483.500000 421661282796108709888.000000
484.500000 398186270746565345280.000000
485.500000 375753092948505853952.000000
486.500000 354415056030233198592.000000
487.500000 334223445623468261376.000000
488.500000 315227389159618248704.000000
489.500000 297473722534400688128.000000
490.500000 281006861011073794048.000000
491.500000 265868674725727535104.000000
492.500000 252098369150225743872.000000
493.500000 239732370859495784448.000000
494.500000 228804218939945385984.000000
495.500000 219344462364852617216.000000
496.500000 211380563650649522176.000000
497.500000 204936809095136641024.000000
498.500000 200034225884818276352.000000
499.500000 196690506343798833152.000000
500.500000 194919939581041606656.000000
501.500000 194733350776288968704.000000
502.500000 196138048327643037696.000000
503.500000 199137779065706840064.000000
504.500000 203732691720372748288.000000
505.500000 209919308806821314560.000000
506.500000 217690507077139922944.000000
507.500000 227035506663217889280.000000
508.500000 237939869015272194048.000000
509.500000 250385503718575636480.000000
510.500000 264350684248732762112.000000
511.500000 279810072703258427392.000000
512.500000 296734753524284784640.000000
513.500000 315092276204057067520.000000
514.500000 334846706941504454656.000000
515.500000 355958689194670096384.000000
516.500000 378385513050207617024.000000
517.500000 402081193307583545344.000000
518.500000 426996556152098193408.000000
519.500000 453079334267462418432.000000
520.500000 480274270215459045376.000000
521.500000 508523227887300378624.000000
522.500000 537765311808657883136.000000
523.500000 567936994058153558016.000000
524.500000 598972248537307152384.000000
525.500000 630802692308721336320.000000
526.500000 663357733698603712512.000000
527.500000 696564726839737188352.000000
528.500000 730349132311690870784.000000
529.500000 764634683516531245056.000000
530.500000 799343558410587471872.000000
531.500000 834396556195993616384.000000
532.500000 869713278559827263488.000000
533.500000 905212315033771442176.000000
534.500000 940811432033329610752.000000
535.500000 976427765122869231616.000000
536.500000 1011978014041058967552.000000
537.500000 1047378640010811408384.000000
538.500000 1082546064848526245888.000000
539.500000 1117396871379378634752.000000
540.500000 1151848004658629050368.000000
541.500000 1185816973493439561728.000000
542.500000 1219222051755533008896.000000
543.500000 1251982478972213526528.000000
544.500000 1284018659681821261824.000000
545.500000 1315252361039637118976.000000
546.500000 1345606908161531838464.000000
547.500000 1375007376695395876864.000000
548.500000 1403380782114463023104.000000
549.500000 1430656265232139157504.000000
550.500000 1456765273444813635584.000000
551.500000 1481641737217383858176.000000
552.500000 1505222241335844536320.000000
553.500000 1527446190462209359872.000000
554.500000 1548255968539354333184.000000
555.500000 1567597091606886875136.000000
556.500000 1585418353604014374912.000000
557.500000 1601671964751414427648.000000
558.500000 1616313682121388720128.000000
559.500000 1629302932023961976832.000000
560.500000 1640602923856112648192.000000
561.500000 1650180755081893773312.000000
562.500000 1658007507032773754880.000000
563.500000 1664058331240043380736.000000
564.500000 1668312526034609373184.000000
565.500000 1670753603173691949056.000000
566.500000 1671369344279029743616.000000
567.500000 1670151846896898932736.000000
568.500000 1667097560016662036480.000000
569.500000 1662207308911481192448.000000
