300.000000 0.199333
310.000000 0.240003
320.000000 0.287540
330.000000 0.334143
340.000000 0.371828
350.000000 0.395986
360.000000 0.405821
370.000000 0.403270
380.000000 0.391740
390.000000 0.374948
400.000000 0.355968
410.000000 0.336775
420.000000 0.318269
430.000000 0.300495
440.000000 0.282958
450.000000 0.264900
460.000000 0.245609
470.000000 0.224681
480.000000 0.202301
490.000000 0.179153
500.000000 0.156383
510.000000 0.135086
520.000000 0.115785
530.000000 0.099284
540.000000 0.086956
550.000000 0.079086
560.000000 0.072555
570.000000 0.062256
580.000000 0.047072
590.000000 0.033627
600.000000 0.031103
610.000000 0.042008
620.000000 0.059971
630.000000 0.075171
640.000000 0.080185
650.000000 0.072623
660.000000 0.055038
670.000000 0.033366
680.000000 0.014534
690.000000 0.003934
700.000000 0.003839
710.000000 0.013704
720.000000 0.031842
730.000000 0.057449
740.000000 0.092631
750.000000 0.145292
760.000000 0.234500
770.000000 0.395644
780.000000 0.655085
790.000000 0.923568
800.000000 0.978911
810.000000 0.974002
820.000000 0.967291
830.000000 0.959364
840.000000 0.952290
850.000000 0.949386
860.000000 0.952019
870.000000 0.958330
880.000000 0.965356
890.000000 0.971442
900.000000 0.976182
