300.000000 0.000000
310.000000 0.000000
320.000000 0.000000
330.000000 0.000000
340.000000 0.000000
350.000000 0.000000
360.000000 0.000000
370.000000 0.000000
380.000000 0.000000
390.000000 0.000000
400.000000 0.000000
410.000000 0.000000
420.000000 0.000000
430.000000 0.000000
440.000000 0.000000
450.000000 0.000000
460.000000 0.000000
470.000000 0.000000
480.000000 0.000000
490.000000 0.000000
500.000000 0.000000
510.000000 0.000000
520.000000 0.000000
530.000000 0.000001
540.000000 0.000001
550.000000 0.000002
560.000000 0.000003
570.000000 0.000004
580.000000 0.000005
590.000000 0.000006
600.000000 0.000007
610.000000 0.000008
620.000000 0.000008
630.000000 0.000009
640.000000 0.000009
650.000000 0.000010
660.000000 0.000010
670.000000 0.000010
680.000000 0.000011
690.000000 0.000011
700.000000 0.000011
710.000000 0.000011
720.000000 0.000011
730.000000 0.000011
740.000000 0.000012
750.000000 0.000013
760.000000 0.000015
770.000000 0.000018
780.000000 0.000023
790.000000 0.000027
800.000000 0.000032
810.000000 0.000037
820.000000 0.000044
830.000000 0.000053
840.000000 0.000059
850.000000 0.000061
860.000000 0.000056
870.000000 0.000048
880.000000 0.000039
890.000000 0.000032
900.000000 0.000027
