300 2.34952 0.81022
310 2.25114 0.6703
320 2.12291 0.6312
330 2.02928 0.73604
340 2.13744 0.88188
350 2.31928 0.87397
360 2.49653 0.76218
370 2.55113 0.53793
380 2.47278 0.37821
390 2.37229 0.31152
400 2.29892 0.29422
410 2.2472 0.29731
420 2.21514 0.3137
430 2.20416 0.33634
440 2.21365 0.35556
450 2.23813 0.36273
460 2.26709 0.35296
470 2.29066 0.33142
480 2.30728 0.30506
490 2.31933 0.27863
500 2.33336 0.25124
510 2.34796 0.21307
520 2.34821 0.16284
530 2.32779 0.11662
540 2.29708 0.08671
550 2.26816 0.07002
560 2.24382 0.0603
570 2.22288 0.05457
580 2.20516 0.0523
590 2.1916 0.05275
600 2.1829 0.05366
610 2.17803 0.05262
620 2.17437 0.04833
630 2.16972 0.04201
640 2.16353 0.03515
650 2.15619 0.0289
660 2.14838 0.02355
670 2.14041 0.01906
680 2.13247 0.0154
690 2.12474 0.01252
700 2.11731 0.01034
710 2.11028 0.00878
720 2.10371 0.00777
730 2.0977 0.0072
740 2.09226 0.00692
750 2.08738 0.00679
760 2.08299 0.00669
770 2.07898 0.00654
780 2.07522 0.00633
790 2.07166 0.00611
800 2.06826 0.0059
810 2.06503 0.00573
820 2.06196 0.00561
830 2.05906 0.00553
840 2.05634 0.00549
850 2.05377 0.00545
860 2.05136 0.00542
870 2.04908 0.00537
880 2.04691 0.00531
890 2.04484 0.00523
900 2.04284 0.00515