300 2.40022 0.26086
310 2.3872 0.22963
320 2.37352 0.20111
330 2.35933 0.17511
340 2.34478 0.15146
350 2.32999 0.13
360 2.31505 0.1106
370 2.30006 0.09312
380 2.2851 0.07746
390 2.27024 0.0635
400 2.25555 0.05115
410 2.24108 0.04033
420 2.2269 0.03095
430 2.21306 0.02294
440 2.19963 0.01624
450 2.18667 0.01079
460 2.17424 0.00652
470 2.16243 0.0034
480 2.15135 0.00135
490 2.14114 0.000349
500 2.1322 0.00023
510 2.1245 0.000244
520 2.11763 0.00026
530 2.11139 0.000276
540 2.10568 0.000293
550 2.10042 0.00031
560 2.09556 0.000328
570 2.09104 0.000346
580 2.08682 0.000365
590 2.08288 0.000385
600 2.07918 0.000406
610 2.07571 0.000427
620 2.07243 0.000449
630 2.06934 0.000472
640 2.06641 0.000495
650 2.06364 0.000519
660 2.061 0.000544
670 2.0585 0.00057
680 2.05611 0.000596
690 2.05384 0.000623
700 2.05166 0.000651
710 2.04959 0.00068
720 2.0476 0.00071
730 2.04569 0.00074
740 2.04386 0.000771
750 2.0421 0.000804
760 2.04041 0.000837
770 2.03878 0.00087
780 2.03722 0.000905
790 2.0357 0.000941
800 2.03424 0.000978
810 2.03283 0.00102
820 2.03146 0.00105
830 2.03013 0.00109
840 2.02885 0.00113
850 2.02761 0.00117
860 2.0264 0.00122
870 2.02522 0.00126
880 2.02408 0.0013
890 2.02297 0.00135
900 2.02189 0.0014