300 1.6191 0.5912
310 1.3892 0.2313
320 0.8904 0.1744
330 0.472 0.3135
340 0.212 0.6634
350 0.1419 0.9427
360 0.1105 1.1545
370 0.0919 1.3309
380 0.0793 1.486
390 0.0703 1.6267
400 0.0637 1.7571
410 0.0587 1.8796
420 0.0549 1.9961
430 0.052 2.1076
440 0.0499 2.215
450 0.0483 2.3191
460 0.0472 2.4203
470 0.0465 2.5189
480 0.0462 2.6155
490 0.046 2.7101
500 0.0461 2.8031
510 0.0464 2.8945
520 0.0469 2.9847
530 0.0475 3.0736
540 0.0482 3.1615
550 0.049 3.2484
560 0.05 3.3344
570 0.051 3.4196
580 0.0521 3.5041
590 0.0532 3.5879
600 0.0544 3.6711
610 0.0557 3.7536
620 0.057 3.8357
630 0.0584 3.9172
640 0.0598 3.9983
650 0.0613 4.0789
660 0.0628 4.1592
670 0.0644 4.239
680 0.0659 4.3185
690 0.0676 4.3977
700 0.0692 4.4765
710 0.0709 4.5551
720 0.0726 4.6333
730 0.0744 4.7113
740 0.0762 4.7891
750 0.078 4.8666
760 0.0798 4.9439
770 0.0817 5.021
780 0.0836 5.0979
790 0.0856 5.1746
800 0.0875 5.2511
810 0.0895 5.3274
820 0.0916 5.4036
830 0.0936 5.4796
840 0.0957 5.5554
850 0.0978 5.6311
860 0.0999 5.7067
870 0.1021 5.7821
880 0.1043 5.8575
890 0.1065 5.9326
900 0.1087 6.0077