300 1.661532 0.885135
310 1.651378 0.959941
320 1.672692 1.05832
330 1.736326 1.163681
340 1.845006 1.255304
350 1.990948 1.311355
360 2.154105 1.315045
370 2.306 1.263589
380 2.421862 1.172266
390 2.49233 1.066329
400 2.523713 0.967629
410 2.529598 0.887881
420 2.523383 0.829883
430 2.515261 0.791227
440 2.511962 0.767095
450 2.517256 0.751741
460 2.532344 0.739289
470 2.556109 0.724421
480 2.585506 0.703134
490 2.616307 0.673414
500 2.644186 0.635476
510 2.665774 0.591385
520 2.679287 0.544189
530 2.684535 0.496972
540 2.68249 0.452199
550 2.674716 0.411466
560 2.662902 0.375559
570 2.648578 0.344656
580 2.633 0.318547
590 2.617129 0.296811
600 2.601674 0.27894
610 2.587142 0.264406
620 2.573891 0.252708
630 2.562174 0.243377
640 2.552175 0.235986
650 2.544034 0.230141
660 2.53787 0.225469
670 2.533793 0.221601
680 2.531915 0.218157
690 2.532354 0.214712
700 2.535231 0.210766
710 2.540653 0.205684
720 2.548669 0.198629
730 2.559156 0.188456
740 2.571588 0.173607
750 2.584547 0.152077
760 2.594842 0.121788
770 2.596419 0.082212
780 2.580882 0.038426
790 2.544738 0.005723
800 2.507665 0
810 2.485086 0
820 2.467781 0
830 2.453464 0
840 2.44116 0
850 2.430337 0
860 2.420662 0
870 2.411911 0
880 2.403923 0
890 2.39658 0
900 2.38979 0