300 1.77228 0.13524
310 1.76832 0.11825
320 1.76352 0.10257
330 1.758 0.08817
340 1.75189 0.07501
350 1.7453 0.06305
360 1.73832 0.05225
370 1.73106 0.04258
380 1.72358 0.03399
390 1.71598 0.02645
400 1.70833 0.01993
410 1.70071 0.01438
420 1.69318 0.00979
430 1.68583 0.00612
440 1.67874 0.00333
450 1.67199 0.0014
460 1.66573 0.000304
470 1.66017 0
480 1.6556 0
490 1.65165 0
500 1.64814 0
510 1.64498 0
520 1.64212 0
530 1.63951 0
540 1.63712 0
550 1.63491 0
560 1.63287 0
570 1.63098 0
580 1.62922 0
590 1.62757 0
600 1.62604 0
610 1.6246 0
620 1.62325 0
630 1.62197 0
640 1.62078 0
650 1.61965 0
660 1.61858 0
670 1.61757 0
680 1.61661 0
690 1.6157 0
700 1.61484 0
710 1.61402 0
720 1.61324 0
730 1.6125 0
740 1.61179 0
750 1.61111 0
760 1.61047 0
770 1.60985 0
780 1.60926 0
790 1.6087 0
800 1.60816 0
810 1.60764 0
820 1.60714 0
830 1.60666 0
840 1.60621 0
850 1.60576 0
860 1.60534 0
870 1.60493 0
880 1.60454 0
890 1.60416 0
900 1.6038 0