   3.0000000e+02   1.0205000e-03
   3.0100000e+02   1.9300000e-03
   3.0200000e+02   2.9209000e-03
   3.0300000e+02   7.0945000e-03
   3.0400000e+02   9.4701000e-03
   3.0500000e+02   1.6463000e-02
   3.0600000e+02   1.8577000e-02
   3.0700000e+02   2.7849000e-02
   3.0800000e+02   3.7837000e-02
   3.0900000e+02   4.0534000e-02
   3.1000000e+02   5.0939000e-02
   3.1100000e+02   8.2922000e-02
   3.1200000e+02   9.3376000e-02
   3.1300000e+02   1.0733000e-01
   3.1400000e+02   1.1969000e-01
   3.1500000e+02   1.3625000e-01
   3.1600000e+02   1.2348000e-01
   3.1700000e+02   1.7158000e-01
   3.1800000e+02   1.7594000e-01
   3.1900000e+02   2.0470000e-01
   3.2000000e+02   2.0527000e-01
   3.2100000e+02   2.5024000e-01
   3.2200000e+02   2.2203000e-01
   3.2300000e+02   2.1226000e-01
   3.2400000e+02   2.7537000e-01
   3.2500000e+02   2.7894000e-01
   3.2600000e+02   3.8120000e-01
   3.2700000e+02   3.9806000e-01
   3.2800000e+02   3.5116000e-01
   3.2900000e+02   4.2235000e-01
   3.3000000e+02   4.7139000e-01
   3.3100000e+02   4.0262000e-01
   3.3200000e+02   4.3623000e-01
   3.3300000e+02   4.2944000e-01
   3.3400000e+02   4.1497000e-01
   3.3500000e+02   4.6388000e-01
   3.3600000e+02   4.1519000e-01
   3.3700000e+02   3.7380000e-01
   3.3800000e+02   4.3411000e-01
   3.3900000e+02   4.6355000e-01
   3.4000000e+02   5.0180000e-01
   3.4100000e+02   4.7139000e-01
   3.4200000e+02   4.8934000e-01
   3.4300000e+02   5.1489000e-01
   3.4400000e+02   4.1843000e-01
   3.4500000e+02   4.5898000e-01
   3.4600000e+02   4.7778000e-01
   3.4700000e+02   4.9404000e-01
   3.4800000e+02   4.7511000e-01
   3.4900000e+02   4.6564000e-01
   3.5000000e+02   5.2798000e-01
   3.5100000e+02   5.5172000e-01
   3.5200000e+02   5.1791000e-01
   3.5300000e+02   5.2040000e-01
   3.5400000e+02   6.0498000e-01
   3.5500000e+02   6.1140000e-01
   3.5600000e+02   5.5387000e-01
   3.5700000e+02   4.5673000e-01
   3.5800000e+02   4.3006000e-01
   3.5900000e+02   4.6953000e-01
   3.6000000e+02   5.9817000e-01
   3.6100000e+02   5.2024000e-01
   3.6200000e+02   5.3420000e-01
   3.6300000e+02   6.0191000e-01
   3.6400000e+02   6.0628000e-01
   3.6500000e+02   6.2359000e-01
   3.6600000e+02   7.3532000e-01
   3.6700000e+02   7.2285000e-01
   3.6800000e+02   6.6759000e-01
   3.6900000e+02   6.9315000e-01
   3.7000000e+02   7.5507000e-01
   3.7100000e+02   6.9338000e-01
   3.7200000e+02   6.7444000e-01
   3.7300000e+02   6.1886000e-01
   3.7400000e+02   5.5640000e-01
   3.7500000e+02   5.8930000e-01
   3.7600000e+02   6.7480000e-01
   3.7700000e+02   7.1225000e-01
   3.7800000e+02   8.5595000e-01
   3.7900000e+02   7.4389000e-01
   3.8000000e+02   7.0077000e-01
   3.8100000e+02   7.6383000e-01
   3.8200000e+02   5.8678000e-01
   3.8300000e+02   4.5499000e-01
   3.8400000e+02   5.0968000e-01
   3.8500000e+02   6.7355000e-01
   3.8600000e+02   6.2100000e-01
   3.8700000e+02   6.5147000e-01
   3.8800000e+02   6.3582000e-01
   3.8900000e+02   6.8543000e-01
   3.9000000e+02   7.9699000e-01
   3.9100000e+02   8.5138000e-01
   3.9200000e+02   7.9493000e-01
   3.9300000e+02   4.7975000e-01
   3.9400000e+02   4.9567000e-01
   3.9500000e+02   8.0772000e-01
   3.9600000e+02   7.5655000e-01
   3.9700000e+02   4.2619000e-01
   3.9800000e+02   8.5249000e-01
   3.9900000e+02   1.0693000e+00
   4.0000000e+02   1.1141000e+00
   4.0100000e+02   1.1603000e+00
   4.0200000e+02   1.2061000e+00
   4.0300000e+02   1.1613000e+00
   4.0400000e+02   1.1801000e+00
   4.0500000e+02   1.1511000e+00
   4.0600000e+02   1.1227000e+00
   4.0700000e+02   1.1026000e+00
   4.0800000e+02   1.1514000e+00
   4.0900000e+02   1.2299000e+00
   4.1000000e+02   1.0485000e+00
   4.1100000e+02   1.1738000e+00
   4.1200000e+02   1.2478000e+00
   4.1300000e+02   1.1971000e+00
   4.1400000e+02   1.1842000e+00
   4.1500000e+02   1.2258000e+00
   4.1600000e+02   1.2624000e+00
   4.1700000e+02   1.2312000e+00
   4.1800000e+02   1.1777000e+00
   4.1900000e+02   1.2258000e+00
   4.2000000e+02   1.1232000e+00
   4.2100000e+02   1.2757000e+00
   4.2200000e+02   1.2583000e+00
   4.2300000e+02   1.2184000e+00
   4.2400000e+02   1.2117000e+00
   4.2500000e+02   1.2488000e+00
   4.2600000e+02   1.2135000e+00
   4.2700000e+02   1.1724000e+00
   4.2800000e+02   1.1839000e+00
   4.2900000e+02   1.0963000e+00
   4.3000000e+02   8.7462000e-01
   4.3100000e+02   7.9394000e-01
   4.3200000e+02   1.3207000e+00
   4.3300000e+02   1.2288000e+00
   4.3400000e+02   1.1352000e+00
   4.3500000e+02   1.2452000e+00
   4.3600000e+02   1.3659000e+00
   4.3700000e+02   1.3943000e+00
   4.3800000e+02   1.2238000e+00
   4.3900000e+02   1.1775000e+00
   4.4000000e+02   1.3499000e+00
   4.4100000e+02   1.3313000e+00
   4.4200000e+02   1.4250000e+00
   4.4300000e+02   1.4453000e+00
   4.4400000e+02   1.4084000e+00
   4.4500000e+02   1.4619000e+00
   4.4600000e+02   1.3108000e+00
   4.4700000e+02   1.4903000e+00
   4.4800000e+02   1.5081000e+00
   4.4900000e+02   1.5045000e+00
   4.5000000e+02   1.5595000e+00
   4.5100000e+02   1.6173000e+00
   4.5200000e+02   1.5482000e+00
   4.5300000e+02   1.4297000e+00
   4.5400000e+02   1.5335000e+00
   4.5500000e+02   1.5224000e+00
   4.5600000e+02   1.5724000e+00
   4.5700000e+02   1.5854000e+00
   4.5800000e+02   1.5514000e+00
   4.5900000e+02   1.5391000e+00
   4.6000000e+02   1.5291000e+00
   4.6100000e+02   1.5827000e+00
   4.6200000e+02   1.5975000e+00
   4.6300000e+02   1.6031000e+00
   4.6400000e+02   1.5544000e+00
   4.6500000e+02   1.5350000e+00
   4.6600000e+02   1.5673000e+00
   4.6700000e+02   1.4973000e+00
   4.6800000e+02   1.5619000e+00
   4.6900000e+02   1.5682000e+00
   4.7000000e+02   1.5077000e+00
   4.7100000e+02   1.5331000e+00
   4.7200000e+02   1.6126000e+00
   4.7300000e+02   1.5499000e+00
   4.7400000e+02   1.5671000e+00
   4.7500000e+02   1.6185000e+00
   4.7600000e+02   1.5631000e+00
   4.7700000e+02   1.5724000e+00
   4.7800000e+02   1.6230000e+00
   4.7900000e+02   1.5916000e+00
   4.8000000e+02   1.6181000e+00
   4.8100000e+02   1.6177000e+00
   4.8200000e+02   1.6236000e+00
   4.8300000e+02   1.6038000e+00
   4.8400000e+02   1.5734000e+00
   4.8500000e+02   1.5683000e+00
   4.8600000e+02   1.2716000e+00
   4.8700000e+02   1.4241000e+00
   4.8800000e+02   1.5413000e+00
   4.8900000e+02   1.4519000e+00
   4.9000000e+02   1.6224000e+00
   4.9100000e+02   1.5595000e+00
   4.9200000e+02   1.4869000e+00
   4.9300000e+02   1.5903000e+00
   4.9400000e+02   1.5525000e+00
   4.9500000e+02   1.6485000e+00
   4.9600000e+02   1.5676000e+00
   4.9700000e+02   1.5944000e+00
   4.9800000e+02   1.5509000e+00
   4.9900000e+02   1.5507000e+00
   5.0000000e+02   1.5451000e+00
   5.0100000e+02   1.4978000e+00
   5.0200000e+02   1.4966000e+00
   5.0300000e+02   1.5653000e+00
   5.0400000e+02   1.4587000e+00
   5.0500000e+02   1.5635000e+00
   5.0600000e+02   1.6264000e+00
   5.0700000e+02   1.5560000e+00
   5.0800000e+02   1.5165000e+00
   5.0900000e+02   1.5893000e+00
   5.1000000e+02   1.5481000e+00
   5.1100000e+02   1.5769000e+00
   5.1200000e+02   1.6186000e+00
   5.1300000e+02   1.5206000e+00
   5.1400000e+02   1.4885000e+00
   5.1500000e+02   1.5314000e+00
   5.1600000e+02   1.5455000e+00
   5.1700000e+02   1.2594000e+00
   5.1800000e+02   1.4403000e+00
   5.1900000e+02   1.3957000e+00
   5.2000000e+02   1.5236000e+00
   5.2100000e+02   1.5346000e+00
   5.2200000e+02   1.5690000e+00
   5.2300000e+02   1.4789000e+00
   5.2400000e+02   1.5905000e+00
   5.2500000e+02   1.5781000e+00
   5.2600000e+02   1.5341000e+00
   5.2700000e+02   1.3417000e+00
   5.2800000e+02   1.5357000e+00
   5.2900000e+02   1.6071000e+00
   5.3000000e+02   1.5446000e+00
   5.3100000e+02   1.6292000e+00
   5.3200000e+02   1.5998000e+00
   5.3300000e+02   1.4286000e+00
   5.3400000e+02   1.5302000e+00
   5.3500000e+02   1.5535000e+00
   5.3600000e+02   1.6199000e+00
   5.3700000e+02   1.4989000e+00
   5.3800000e+02   1.5738000e+00
   5.3900000e+02   1.5352000e+00
   5.4000000e+02   1.4825000e+00
   5.4100000e+02   1.4251000e+00
   5.4200000e+02   1.5511000e+00
   5.4300000e+02   1.5256000e+00
   5.4400000e+02   1.5792000e+00
   5.4500000e+02   1.5435000e+00
   5.4600000e+02   1.5291000e+00
   5.4700000e+02   1.5490000e+00
   5.4800000e+02   1.5049000e+00
   5.4900000e+02   1.5520000e+00
   5.5000000e+02   1.5399000e+00
   5.5100000e+02   1.5382000e+00
   5.5200000e+02   1.5697000e+00
   5.5300000e+02   1.5250000e+00
   5.5400000e+02   1.5549000e+00
   5.5500000e+02   1.5634000e+00
   5.5600000e+02   1.5366000e+00
   5.5700000e+02   1.4988000e+00
   5.5800000e+02   1.5310000e+00
   5.5900000e+02   1.4483000e+00
   5.6000000e+02   1.4740000e+00
   5.6100000e+02   1.5595000e+00
   5.6200000e+02   1.4847000e+00
   5.6300000e+02   1.5408000e+00
   5.6400000e+02   1.5106000e+00
   5.6500000e+02   1.5201000e+00
   5.6600000e+02   1.4374000e+00
   5.6700000e+02   1.5320000e+00
   5.6800000e+02   1.5180000e+00
   5.6900000e+02   1.4807000e+00
   5.7000000e+02   1.4816000e+00
   5.7100000e+02   1.4331000e+00
   5.7200000e+02   1.5134000e+00
   5.7300000e+02   1.5198000e+00
   5.7400000e+02   1.5119000e+00
   5.7500000e+02   1.4777000e+00
   5.7600000e+02   1.4654000e+00
   5.7700000e+02   1.5023000e+00
   5.7800000e+02   1.4560000e+00
   5.7900000e+02   1.4770000e+00
   5.8000000e+02   1.5020000e+00
   5.8100000e+02   1.5089000e+00
   5.8200000e+02   1.5320000e+00
   5.8300000e+02   1.5479000e+00
   5.8400000e+02   1.5448000e+00
   5.8500000e+02   1.5324000e+00
   5.8600000e+02   1.4953000e+00
   5.8700000e+02   1.5281000e+00
   5.8800000e+02   1.4934000e+00
   5.8900000e+02   1.2894000e+00
   5.9000000e+02   1.3709000e+00
   5.9100000e+02   1.4662000e+00
   5.9200000e+02   1.4354000e+00
   5.9300000e+02   1.4561000e+00
   5.9400000e+02   1.4491000e+00
   5.9500000e+02   1.4308000e+00
   5.9600000e+02   1.4745000e+00
   5.9700000e+02   1.4788000e+00
   5.9800000e+02   1.4607000e+00
   5.9900000e+02   1.4606000e+00
   6.0000000e+02   1.4753000e+00
   6.0100000e+02   1.4579000e+00
   6.0200000e+02   1.4360000e+00
   6.0300000e+02   1.4664000e+00
   6.0400000e+02   1.4921000e+00
   6.0500000e+02   1.4895000e+00
   6.0600000e+02   1.4822000e+00
   6.0700000e+02   1.4911000e+00
   6.0800000e+02   1.4862000e+00
   6.0900000e+02   1.4749000e+00
   6.1000000e+02   1.4686000e+00
   6.1100000e+02   1.4611000e+00
   6.1200000e+02   1.4831000e+00
   6.1300000e+02   1.4621000e+00
   6.1400000e+02   1.4176000e+00
   6.1500000e+02   1.4697000e+00
   6.1600000e+02   1.4310000e+00
   6.1700000e+02   1.4128000e+00
   6.1800000e+02   1.4664000e+00
   6.1900000e+02   1.4733000e+00
   6.2000000e+02   1.4739000e+00
   6.2100000e+02   1.4802000e+00
   6.2200000e+02   1.4269000e+00
   6.2300000e+02   1.4165000e+00
   6.2400000e+02   1.4118000e+00
   6.2500000e+02   1.4026000e+00
   6.2600000e+02   1.4012000e+00
   6.2700000e+02   1.4417000e+00
   6.2800000e+02   1.3631000e+00
   6.2900000e+02   1.4114000e+00
   6.3000000e+02   1.3924000e+00
   6.3100000e+02   1.4161000e+00
   6.3200000e+02   1.3638000e+00
   6.3300000e+02   1.4508000e+00
   6.3400000e+02   1.4284000e+00
   6.3500000e+02   1.4458000e+00
   6.3600000e+02   1.4128000e+00
   6.3700000e+02   1.4610000e+00
   6.3800000e+02   1.4707000e+00
   6.3900000e+02   1.4646000e+00
   6.4000000e+02   1.4340000e+00
   6.4100000e+02   1.4348000e+00
   6.4200000e+02   1.4376000e+00
   6.4300000e+02   1.4525000e+00
   6.4400000e+02   1.4462000e+00
   6.4500000e+02   1.4567000e+00
   6.4600000e+02   1.4150000e+00
   6.4700000e+02   1.4086000e+00
   6.4800000e+02   1.3952000e+00
   6.4900000e+02   1.3519000e+00
   6.5000000e+02   1.3594000e+00
   6.5100000e+02   1.4447000e+00
   6.5200000e+02   1.3871000e+00
   6.5300000e+02   1.4311000e+00
   6.5400000e+02   1.4153000e+00
   6.5500000e+02   1.3499000e+00
   6.5600000e+02   1.1851000e+00
   6.5700000e+02   1.2393000e+00
   6.5800000e+02   1.3855000e+00
   6.5900000e+02   1.3905000e+00
   6.6000000e+02   1.3992000e+00
   6.6100000e+02   1.3933000e+00
   6.6200000e+02   1.3819000e+00
   6.6300000e+02   1.3844000e+00
   6.6400000e+02   1.3967000e+00
   6.6500000e+02   1.4214000e+00
   6.6600000e+02   1.4203000e+00
   6.6700000e+02   1.4102000e+00
   6.6800000e+02   1.4150000e+00
   6.6900000e+02   1.4394000e+00
   6.7000000e+02   1.4196000e+00
   6.7100000e+02   1.4169000e+00
   6.7200000e+02   1.3972000e+00
   6.7300000e+02   1.4094000e+00
   6.7400000e+02   1.4074000e+00
   6.7500000e+02   1.3958000e+00
   6.7600000e+02   1.4120000e+00
   6.7700000e+02   1.3991000e+00
   6.7800000e+02   1.4066000e+00
   6.7900000e+02   1.3947000e+00
   6.8000000e+02   1.3969000e+00
   6.8100000e+02   1.3915000e+00
   6.8200000e+02   1.3981000e+00
   6.8300000e+02   1.3830000e+00
   6.8400000e+02   1.3739000e+00
   6.8500000e+02   1.3748000e+00
   6.8600000e+02   1.3438000e+00
   6.8700000e+02   9.6824000e-01
   6.8800000e+02   1.1206000e+00
   6.8900000e+02   1.1278000e+00
   6.9000000e+02   1.1821000e+00
   6.9100000e+02   1.2333000e+00
   6.9200000e+02   1.2689000e+00
   6.9300000e+02   1.2609000e+00
   6.9400000e+02   1.2464000e+00
   6.9500000e+02   1.2714000e+00
   6.9600000e+02   1.2684000e+00
   6.9700000e+02   1.3403000e+00
   6.9800000e+02   1.3192000e+00
   6.9900000e+02   1.2918000e+00
   7.0000000e+02   1.2823000e+00
   7.0100000e+02   1.2659000e+00
   7.0200000e+02   1.2674000e+00
   7.0300000e+02   1.2747000e+00
   7.0400000e+02   1.3078000e+00
   7.0500000e+02   1.3214000e+00
   7.0600000e+02   1.3144000e+00
   7.0700000e+02   1.3090000e+00
   7.0800000e+02   1.3048000e+00
   7.0900000e+02   1.3095000e+00
   7.1000000e+02   1.3175000e+00
   7.1100000e+02   1.3155000e+00
   7.1200000e+02   1.3071000e+00
   7.1300000e+02   1.2918000e+00
   7.1400000e+02   1.3029000e+00
   7.1500000e+02   1.2587000e+00
   7.1600000e+02   1.2716000e+00
   7.1700000e+02   1.1071000e+00
   7.1800000e+02   1.0296000e+00
   7.1900000e+02   9.2318000e-01
   7.2000000e+02   9.8550000e-01
   7.2100000e+02   1.0861000e+00
   7.2200000e+02   1.2407000e+00
   7.2300000e+02   1.1444000e+00
   7.2400000e+02   1.0555000e+00
   7.2500000e+02   1.0380000e+00
   7.2600000e+02   1.0813000e+00
   7.2700000e+02   1.0850000e+00
   7.2800000e+02   1.0400000e+00
   7.2900000e+02   1.0466000e+00
   7.3000000e+02   1.1285000e+00
   7.3100000e+02   1.0703000e+00
   7.3200000e+02   1.1534000e+00
   7.3300000e+02   1.1962000e+00
   7.3400000e+02   1.2357000e+00
   7.3500000e+02   1.2178000e+00
   7.3600000e+02   1.2059000e+00
   7.3700000e+02   1.2039000e+00
   7.3800000e+02   1.2269000e+00
   7.3900000e+02   1.1905000e+00
   7.4000000e+02   1.2195000e+00
   7.4100000e+02   1.2148000e+00
   7.4200000e+02   1.2153000e+00
   7.4300000e+02   1.2405000e+00
   7.4400000e+02   1.2503000e+00
   7.4500000e+02   1.2497000e+00
   7.4600000e+02   1.2470000e+00
   7.4700000e+02   1.2477000e+00
   7.4800000e+02   1.2401000e+00
   7.4900000e+02   1.2357000e+00
   7.5000000e+02   1.2341000e+00
   7.5100000e+02   1.2286000e+00
   7.5200000e+02   1.2330000e+00
   7.5300000e+02   1.2266000e+00
   7.5400000e+02   1.2420000e+00
   7.5500000e+02   1.2383000e+00
   7.5600000e+02   1.2232000e+00
   7.5700000e+02   1.2221000e+00
   7.5800000e+02   1.2295000e+00
   7.5900000e+02   1.1945000e+00
   7.6000000e+02   2.6604000e-01
   7.6100000e+02   1.5396000e-01
   7.6200000e+02   6.8766000e-01
   7.6300000e+02   3.7952000e-01
   7.6400000e+02   5.3878000e-01
   7.6500000e+02   6.8601000e-01
   7.6600000e+02   8.1461000e-01
   7.6700000e+02   9.7417000e-01
   7.6800000e+02   1.1138000e+00
   7.6900000e+02   1.1278000e+00
   7.7000000e+02   1.1608000e+00
   7.7100000e+02   1.1686000e+00
   7.7200000e+02   1.1778000e+00
   7.7300000e+02   1.1771000e+00
   7.7400000e+02   1.1771000e+00
   7.7500000e+02   1.1771000e+00
   7.7600000e+02   1.1798000e+00
   7.7700000e+02   1.1727000e+00
   7.7800000e+02   1.1713000e+00
   7.7900000e+02   1.1765000e+00
   7.8000000e+02   1.1636000e+00
   7.8100000e+02   1.1607000e+00
   7.8200000e+02   1.1662000e+00
   7.8300000e+02   1.1614000e+00
   7.8400000e+02   1.1536000e+00
   7.8500000e+02   1.1586000e+00
   7.8600000e+02   1.1592000e+00
   7.8700000e+02   1.1450000e+00
   7.8800000e+02   1.1305000e+00
   7.8900000e+02   1.1257000e+00
   7.9000000e+02   1.0910000e+00
   7.9100000e+02   1.1058000e+00
   7.9200000e+02   1.0953000e+00
   7.9300000e+02   1.0875000e+00
   7.9400000e+02   1.0972000e+00
   7.9500000e+02   1.0932000e+00
   7.9600000e+02   1.0742000e+00
   7.9700000e+02   1.0913000e+00
   7.9800000e+02   1.1121000e+00
   7.9900000e+02   1.0905000e+00
   8.0000000e+02   1.0725000e+00
   8.0100000e+02   1.0843000e+00
   8.0200000e+02   1.0856000e+00
   8.0300000e+02   1.0657000e+00
   8.0400000e+02   1.0782000e+00
   8.0500000e+02   1.0545000e+00
   8.0600000e+02   1.0974000e+00
   8.0700000e+02   1.0859000e+00
   8.0800000e+02   1.0821000e+00
   8.0900000e+02   1.0548000e+00
   8.1000000e+02   1.0559000e+00
   8.1100000e+02   1.0533000e+00
   8.1200000e+02   1.0268000e+00
   8.1300000e+02   1.0086000e+00
   8.1400000e+02   9.0356000e-01
   8.1500000e+02   8.9523000e-01
   8.1600000e+02   8.3216000e-01
   8.1700000e+02   8.5183000e-01
   8.1800000e+02   8.2259000e-01
   8.1900000e+02   9.0519000e-01
   8.2000000e+02   8.6188000e-01
   8.2100000e+02   9.9764000e-01
   8.2200000e+02   9.5157000e-01
   8.2300000e+02   6.7271000e-01
   8.2400000e+02   9.3506000e-01
   8.2500000e+02   9.6935000e-01
   8.2600000e+02   9.3381000e-01
   8.2700000e+02   9.8465000e-01
   8.2800000e+02   8.4979000e-01
   8.2900000e+02   9.2930000e-01
   8.3000000e+02   9.1601000e-01
   8.3100000e+02   9.2392000e-01
   8.3200000e+02   8.9426000e-01
   8.3300000e+02   9.5650000e-01
   8.3400000e+02   9.3412000e-01
   8.3500000e+02   1.0032000e+00
   8.3600000e+02   9.7234000e-01
   8.3700000e+02   1.0092000e+00
   8.3800000e+02   9.9901000e-01
   8.3900000e+02   1.0013000e+00
   8.4000000e+02   1.0157000e+00
   8.4100000e+02   1.0101000e+00
   8.4200000e+02   9.9703000e-01
   8.4300000e+02   1.0053000e+00
   8.4400000e+02   9.8631000e-01
   8.4500000e+02   1.0165000e+00
   8.4600000e+02   1.0187000e+00
   8.4700000e+02   9.9170000e-01
   8.4800000e+02   9.9217000e-01
   8.4900000e+02   9.8596000e-01
   8.5000000e+02   8.9372000e-01
   8.5100000e+02   9.7493000e-01
   8.5200000e+02   9.6927000e-01
   8.5300000e+02   9.6486000e-01
   8.5400000e+02   8.5112000e-01
   8.5500000e+02   9.1300000e-01
   8.5600000e+02   9.7317000e-01
   8.5700000e+02   9.9166000e-01
   8.5800000e+02   9.9196000e-01
   8.5900000e+02   9.9171000e-01
   8.6000000e+02   9.8816000e-01
   8.6100000e+02   9.8679000e-01
   8.6200000e+02   9.9449000e-01
   8.6300000e+02   1.0005000e+00
   8.6400000e+02   9.7916000e-01
   8.6500000e+02   9.6324000e-01
   8.6600000e+02   8.4900000e-01
   8.6700000e+02   9.1546000e-01
   8.6800000e+02   9.5920000e-01
   8.6900000e+02   9.4956000e-01
   8.7000000e+02   9.6755000e-01
   8.7100000e+02   9.5387000e-01
   8.7200000e+02   9.6686000e-01
   8.7300000e+02   9.5721000e-01
   8.7400000e+02   9.4042000e-01
   8.7500000e+02   9.2687000e-01
   8.7600000e+02   9.5277000e-01
   8.7700000e+02   9.5615000e-01
   8.7800000e+02   9.5237000e-01
   8.7900000e+02   9.3656000e-01
   8.8000000e+02   9.3957000e-01
   8.8100000e+02   9.0861000e-01
   8.8200000e+02   9.3245000e-01
   8.8300000e+02   9.2927000e-01
   8.8400000e+02   9.3305000e-01
   8.8500000e+02   9.4423000e-01
   8.8600000e+02   9.0752000e-01
   8.8700000e+02   9.1062000e-01
   8.8800000e+02   9.2228000e-01
   8.8900000e+02   9.3455000e-01
   8.9000000e+02   9.2393000e-01
   8.9100000e+02   9.2584000e-01
   8.9200000e+02   9.0881000e-01
   8.9300000e+02   8.7327000e-01
   8.9400000e+02   8.5130000e-01
   8.9500000e+02   8.1357000e-01
   8.9600000e+02   7.6253000e-01
   8.9700000e+02   6.6566000e-01
   8.9800000e+02   7.1780000e-01
   8.9900000e+02   5.4871000e-01
   9.0000000e+02   7.4260000e-01
   9.0100000e+02   5.9933000e-01
   9.0200000e+02   6.6791000e-01
   9.0300000e+02   6.8889000e-01
   9.0400000e+02   8.4457000e-01
   9.0500000e+02   8.1709000e-01
   9.0600000e+02   7.7558000e-01
   9.0700000e+02   6.3854000e-01
   9.0800000e+02   6.5217000e-01
   9.0900000e+02   7.0431000e-01
   9.1000000e+02   6.2467000e-01
   9.1100000e+02   6.6808000e-01
   9.1200000e+02   6.8893000e-01
   9.1300000e+02   6.2834000e-01
   9.1400000e+02   6.2649000e-01
   9.1500000e+02   6.7836000e-01
   9.1600000e+02   5.7646000e-01
   9.1700000e+02   7.3017000e-01
   9.1800000e+02   5.9271000e-01
   9.1900000e+02   7.3877000e-01
   9.2000000e+02   7.4414000e-01
   9.2100000e+02   7.8049000e-01
   9.2200000e+02   7.0026000e-01
   9.2300000e+02   7.4504000e-01
   9.2400000e+02   7.2150000e-01
   9.2500000e+02   7.1110000e-01
   9.2600000e+02   7.0331000e-01
   9.2700000e+02   7.8742000e-01
   9.2800000e+02   5.8968000e-01
   9.2900000e+02   5.5127000e-01
   9.3000000e+02   4.3210000e-01
   9.3100000e+02   4.0921000e-01
   9.3200000e+02   3.0086000e-01
   9.3300000e+02   2.4841000e-01
   9.3400000e+02   1.4380000e-01
   9.3500000e+02   2.5084000e-01
   9.3600000e+02   1.6142000e-01
   9.3700000e+02   1.6338000e-01
   9.3800000e+02   2.0058000e-01
   9.3900000e+02   3.9887000e-01
   9.4000000e+02   4.7181000e-01
   9.4100000e+02   3.7195000e-01
   9.4200000e+02   4.0532000e-01
   9.4300000e+02   2.7834000e-01
   9.4400000e+02   2.8579000e-01
   9.4500000e+02   3.6821000e-01
   9.4600000e+02   1.9461000e-01
   9.4700000e+02   3.7112000e-01
   9.4800000e+02   2.7423000e-01
   9.4900000e+02   4.9396000e-01
   9.5000000e+02   1.4726000e-01
   9.5100000e+02   4.8378000e-01
   9.5200000e+02   2.6891000e-01
   9.5300000e+02   3.4362000e-01
   9.5400000e+02   4.2411000e-01
   9.5500000e+02   3.4117000e-01
   9.5600000e+02   3.2821000e-01
   9.5700000e+02   2.7067000e-01
   9.5800000e+02   4.6101000e-01
   9.5900000e+02   3.7385000e-01
   9.6000000e+02   4.2066000e-01
   9.6100000e+02   4.6120000e-01
   9.6200000e+02   4.4174000e-01
   9.6300000e+02   5.0503000e-01
   9.6400000e+02   4.5860000e-01
   9.6500000e+02   5.0374000e-01
   9.6600000e+02   5.0275000e-01
   9.6700000e+02   5.0240000e-01
   9.6800000e+02   6.5210000e-01
   9.6900000e+02   6.8622000e-01
   9.7000000e+02   6.3461000e-01
   9.7100000e+02   7.1397000e-01
   9.7200000e+02   6.8765000e-01
   9.7300000e+02   6.0648000e-01
   9.7400000e+02   5.7529000e-01
   9.7500000e+02   5.8987000e-01
   9.7600000e+02   5.7191000e-01
   9.7700000e+02   6.3864000e-01
   9.7800000e+02   6.1509000e-01
   9.7900000e+02   6.3815000e-01
   9.8000000e+02   6.0468000e-01
   9.8100000e+02   7.1338000e-01
   9.8200000e+02   6.9218000e-01
   9.8300000e+02   6.6865000e-01
   9.8400000e+02   7.3732000e-01
   9.8500000e+02   6.8817000e-01
   9.8600000e+02   7.5083000e-01
   9.8700000e+02   7.3928000e-01
   9.8800000e+02   7.3462000e-01
   9.8900000e+02   7.4906000e-01
   9.9000000e+02   7.3227000e-01
   9.9100000e+02   7.5358000e-01
   9.9200000e+02   7.5102000e-01
   9.9300000e+02   7.3728000e-01
   9.9400000e+02   7.5410000e-01
   9.9500000e+02   7.5176000e-01
   9.9600000e+02   7.4884000e-01
   9.9700000e+02   7.3971000e-01
   9.9800000e+02   7.3887000e-01
   9.9900000e+02   7.3857000e-01
   1.0000000e+03   7.3532000e-01
   1.0010000e+03   7.4442000e-01
   1.0020000e+03   7.2805000e-01
   1.0030000e+03   7.3442000e-01
   1.0040000e+03   7.2336000e-01
   1.0050000e+03   6.8174000e-01
   1.0060000e+03   7.1252000e-01
   1.0070000e+03   7.2753000e-01
   1.0080000e+03   7.2685000e-01
   1.0090000e+03   7.1972000e-01
   1.0100000e+03   7.1914000e-01
   1.0110000e+03   7.2278000e-01
   1.0120000e+03   7.1877000e-01
   1.0130000e+03   7.1761000e-01
   1.0140000e+03   7.2068000e-01
   1.0150000e+03   7.0817000e-01
   1.0160000e+03   7.1129000e-01
   1.0170000e+03   7.0337000e-01
   1.0180000e+03   7.1422000e-01
   1.0190000e+03   6.8878000e-01
   1.0200000e+03   6.9896000e-01
   1.0210000e+03   7.0175000e-01
   1.0220000e+03   6.8970000e-01
   1.0230000e+03   6.9508000e-01
   1.0240000e+03   6.9058000e-01
   1.0250000e+03   6.9753000e-01
   1.0260000e+03   6.9636000e-01
   1.0270000e+03   6.9305000e-01
   1.0280000e+03   6.9385000e-01
   1.0290000e+03   6.8628000e-01
   1.0300000e+03   6.9055000e-01
   1.0310000e+03   6.8736000e-01
   1.0320000e+03   6.8787000e-01
   1.0330000e+03   6.7613000e-01
   1.0340000e+03   6.8015000e-01
   1.0350000e+03   6.8234000e-01
   1.0360000e+03   6.8202000e-01
   1.0370000e+03   6.7497000e-01
   1.0380000e+03   6.7172000e-01
   1.0390000e+03   6.7636000e-01
   1.0400000e+03   6.7170000e-01
   1.0410000e+03   6.7176000e-01
   1.0420000e+03   6.7200000e-01
   1.0430000e+03   6.6525000e-01
   1.0440000e+03   6.6833000e-01
   1.0450000e+03   6.6452000e-01
   1.0460000e+03   6.4714000e-01
   1.0470000e+03   6.5694000e-01
   1.0480000e+03   6.6274000e-01
   1.0490000e+03   6.5896000e-01
   1.0500000e+03   6.5463000e-01
   1.0510000e+03   6.5521000e-01
   1.0520000e+03   6.5118000e-01
   1.0530000e+03   6.4919000e-01
   1.0540000e+03   6.4646000e-01
   1.0550000e+03   6.4847000e-01
   1.0560000e+03   6.4641000e-01
   1.0570000e+03   6.4482000e-01
   1.0580000e+03   6.3818000e-01
   1.0590000e+03   6.1875000e-01
   1.0600000e+03   6.3585000e-01
   1.0610000e+03   6.2121000e-01
   1.0620000e+03   6.3266000e-01
   1.0630000e+03   6.2239000e-01
   1.0640000e+03   6.3196000e-01
   1.0650000e+03   6.2913000e-01
   1.0660000e+03   6.1713000e-01
   1.0670000e+03   6.2032000e-01
   1.0680000e+03   6.1944000e-01
   1.0690000e+03   5.8626000e-01
   1.0700000e+03   6.0469000e-01
   1.0710000e+03   6.1661000e-01
   1.0720000e+03   6.1536000e-01
   1.0730000e+03   6.0363000e-01
   1.0740000e+03   6.2158000e-01
   1.0750000e+03   5.9252000e-01
   1.0760000e+03   6.1471000e-01
   1.0770000e+03   6.0434000e-01
   1.0780000e+03   6.0321000e-01
   1.0790000e+03   6.0474000e-01
   1.0800000e+03   5.9722000e-01
   1.0810000e+03   5.8083000e-01
   1.0820000e+03   5.8940000e-01
   1.0830000e+03   5.9814000e-01
   1.0840000e+03   5.7852000e-01
   1.0850000e+03   5.9330000e-01
   1.0860000e+03   5.5410000e-01
   1.0870000e+03   5.6697000e-01
   1.0880000e+03   5.9317000e-01
   1.0890000e+03   5.7919000e-01
   1.0900000e+03   5.5573000e-01
   1.0910000e+03   5.8835000e-01
   1.0920000e+03   5.8124000e-01
   1.0930000e+03   5.1058000e-01
   1.0940000e+03   5.3965000e-01
   1.0950000e+03   5.2067000e-01
   1.0960000e+03   5.0323000e-01
   1.0970000e+03   5.7852000e-01
   1.0980000e+03   5.0291000e-01
   1.0990000e+03   5.0772000e-01
   1.1000000e+03   4.8577000e-01
   1.1010000e+03   4.9696000e-01
   1.1020000e+03   4.6883000e-01
   1.1030000e+03   4.6637000e-01
   1.1040000e+03   4.6765000e-01
   1.1050000e+03   5.0644000e-01
   1.1060000e+03   3.9792000e-01
   1.1070000e+03   4.8304000e-01
   1.1080000e+03   4.1565000e-01
   1.1090000e+03   4.1278000e-01
   1.1100000e+03   4.7899000e-01
   1.1110000e+03   3.3154000e-01
   1.1120000e+03   4.1357000e-01
   1.1130000e+03   2.6850000e-01
   1.1140000e+03   2.9985000e-01
   1.1150000e+03   2.4987000e-01
   1.1160000e+03   2.0136000e-01
   1.1170000e+03   7.9618000e-02
   1.1180000e+03   2.1753000e-01
   1.1190000e+03   1.1317000e-01
   1.1200000e+03   1.4189000e-01
   1.1210000e+03   1.8586000e-01
   1.1220000e+03   8.1686000e-02
   1.1230000e+03   1.2817000e-01
   1.1240000e+03   1.0870000e-01
   1.1250000e+03   1.4428000e-01
   1.1260000e+03   5.1589000e-02
   1.1270000e+03   1.5725000e-01
   1.1280000e+03   9.9224000e-02
   1.1290000e+03   1.0591000e-01
   1.1300000e+03   7.0574000e-02
   1.1310000e+03   2.9560000e-01
   1.1320000e+03   2.3411000e-01
   1.1330000e+03   1.5331000e-01
   1.1340000e+03   4.1740000e-02
   1.1350000e+03   1.5462000e-02
   1.1360000e+03   1.2876000e-01
   1.1370000e+03   2.8785000e-01
   1.1380000e+03   2.0329000e-01
   1.1390000e+03   2.9850000e-01
   1.1400000e+03   2.5599000e-01
   1.1410000e+03   1.9337000e-01
   1.1420000e+03   2.2479000e-01
   1.1430000e+03   3.1183000e-01
   1.1440000e+03   1.1326000e-01
   1.1450000e+03   1.4604000e-01
   1.1460000e+03   1.5764000e-01
   1.1470000e+03   5.9176000e-02
   1.1480000e+03   2.7113000e-01
   1.1490000e+03   2.1854000e-01
   1.1500000e+03   1.2164000e-01
   1.1510000e+03   2.0340000e-01
   1.1520000e+03   2.4762000e-01
   1.1530000e+03   2.3812000e-01
   1.1540000e+03   1.4248000e-01
   1.1550000e+03   3.1316000e-01
   1.1560000e+03   2.8090000e-01
   1.1570000e+03   3.1458000e-01
   1.1580000e+03   3.1171000e-01
   1.1590000e+03   3.3693000e-01
   1.1600000e+03   2.8648000e-01
   1.1610000e+03   3.4753000e-01
   1.1620000e+03   3.5002000e-01
   1.1630000e+03   4.6857000e-01
   1.1640000e+03   4.0188000e-01
   1.1650000e+03   3.8860000e-01
   1.1660000e+03   3.7494000e-01
   1.1670000e+03   4.0996000e-01
   1.1680000e+03   4.1954000e-01
   1.1690000e+03   4.2310000e-01
   1.1700000e+03   4.5873000e-01
   1.1710000e+03   4.4831000e-01
   1.1720000e+03   4.5483000e-01
   1.1730000e+03   4.5642000e-01
   1.1740000e+03   3.3692000e-01
   1.1750000e+03   4.5240000e-01
   1.1760000e+03   4.7679000e-01
   1.1770000e+03   4.7235000e-01
   1.1780000e+03   3.6000000e-01
   1.1790000e+03   4.8371000e-01
   1.1800000e+03   4.4069000e-01
   1.1810000e+03   4.5514000e-01
   1.1820000e+03   3.2318000e-01
   1.1830000e+03   4.3870000e-01
   1.1840000e+03   4.1985000e-01
   1.1850000e+03   4.0741000e-01
   1.1860000e+03   4.7715000e-01
   1.1870000e+03   4.5575000e-01
   1.1880000e+03   3.3504000e-01
   1.1890000e+03   4.1569000e-01
   1.1900000e+03   4.6239000e-01
   1.1910000e+03   4.4660000e-01
   1.1920000e+03   4.7336000e-01
   1.1930000e+03   4.5434000e-01
   1.1940000e+03   4.6890000e-01
   1.1950000e+03   4.4696000e-01
   1.1960000e+03   4.3131000e-01
   1.1970000e+03   4.7715000e-01
   1.1980000e+03   4.3392000e-01
   1.1990000e+03   3.6489000e-01
   1.2000000e+03   4.4825000e-01
   1.2010000e+03   4.3708000e-01
   1.2020000e+03   4.3717000e-01
   1.2030000e+03   4.3409000e-01
   1.2040000e+03   3.6247000e-01
   1.2050000e+03   4.3692000e-01
   1.2060000e+03   4.8086000e-01
   1.2070000e+03   4.2986000e-01
   1.2080000e+03   4.3346000e-01
   1.2090000e+03   4.1428000e-01
   1.2100000e+03   4.5336000e-01
   1.2110000e+03   4.2232000e-01
   1.2120000e+03   4.2489000e-01
   1.2130000e+03   4.6956000e-01
   1.2140000e+03   4.3407000e-01
   1.2150000e+03   4.2780000e-01
   1.2160000e+03   4.6640000e-01
   1.2170000e+03   4.5528000e-01
   1.2180000e+03   4.5934000e-01
   1.2190000e+03   4.4663000e-01
   1.2200000e+03   4.5805000e-01
   1.2210000e+03   4.6531000e-01
   1.2220000e+03   4.5139000e-01
   1.2230000e+03   4.4406000e-01
   1.2240000e+03   4.4808000e-01
   1.2250000e+03   4.6236000e-01
   1.2260000e+03   4.6819000e-01
   1.2270000e+03   4.3304000e-01
   1.2280000e+03   4.6658000e-01
   1.2290000e+03   4.6721000e-01
   1.2300000e+03   4.6003000e-01
   1.2310000e+03   4.7203000e-01
   1.2320000e+03   4.6633000e-01
   1.2330000e+03   4.5397000e-01
   1.2340000e+03   4.7016000e-01
   1.2350000e+03   4.6504000e-01
   1.2360000e+03   4.6908000e-01
   1.2370000e+03   4.6339000e-01
   1.2380000e+03   4.6797000e-01
   1.2390000e+03   4.6272000e-01
   1.2400000e+03   4.6077000e-01
   1.2410000e+03   4.6197000e-01
   1.2420000e+03   4.6247000e-01
   1.2430000e+03   4.5754000e-01
   1.2440000e+03   4.5528000e-01
   1.2450000e+03   4.5655000e-01
   1.2460000e+03   4.5945000e-01
   1.2470000e+03   4.5746000e-01
   1.2480000e+03   4.5860000e-01
   1.2490000e+03   4.5966000e-01
   1.2500000e+03   4.5705000e-01
   1.2510000e+03   4.5258000e-01
   1.2520000e+03   4.5097000e-01
   1.2530000e+03   4.4773000e-01
   1.2540000e+03   4.4363000e-01
   1.2550000e+03   4.5070000e-01
   1.2560000e+03   4.4023000e-01
   1.2570000e+03   4.3532000e-01
   1.2580000e+03   4.4496000e-01
   1.2590000e+03   4.2725000e-01
   1.2600000e+03   4.3110000e-01
   1.2610000e+03   4.1146000e-01
   1.2620000e+03   3.9567000e-01
   1.2630000e+03   4.0019000e-01
   1.2640000e+03   3.7148000e-01
   1.2650000e+03   3.9570000e-01
   1.2660000e+03   3.8527000e-01
   1.2670000e+03   3.8822000e-01
   1.2680000e+03   3.7051000e-01
   1.2690000e+03   2.4652000e-01
   1.2700000e+03   3.8744000e-01
   1.2710000e+03   4.0825000e-01
   1.2720000e+03   4.0879000e-01
   1.2730000e+03   4.0625000e-01
   1.2740000e+03   4.0614000e-01
   1.2750000e+03   4.1233000e-01
   1.2760000e+03   4.1693000e-01
   1.2770000e+03   4.2001000e-01
   1.2780000e+03   4.2763000e-01
   1.2790000e+03   4.2456000e-01
   1.2800000e+03   4.2204000e-01
   1.2810000e+03   4.1335000e-01
   1.2820000e+03   3.7305000e-01
   1.2830000e+03   4.0733000e-01
   1.2840000e+03   4.2078000e-01
   1.2850000e+03   4.2399000e-01
   1.2860000e+03   4.2714000e-01
   1.2870000e+03   4.2213000e-01
   1.2880000e+03   4.1989000e-01
   1.2890000e+03   4.0936000e-01
   1.2900000e+03   4.1285000e-01
   1.2910000e+03   4.1786000e-01
   1.2920000e+03   3.9618000e-01
   1.2930000e+03   4.1257000e-01
   1.2940000e+03   4.0421000e-01
   1.2950000e+03   4.0514000e-01
   1.2960000e+03   3.8957000e-01
   1.2970000e+03   3.7130000e-01
   1.2980000e+03   3.9183000e-01
   1.2990000e+03   4.0852000e-01
   1.3000000e+03   3.5312000e-01
   1.3010000e+03   3.6228000e-01
   1.3020000e+03   3.9181000e-01
   1.3030000e+03   3.4621000e-01
   1.3040000e+03   3.0062000e-01
   1.3050000e+03   3.8382000e-01
   1.3060000e+03   3.8453000e-01
   1.3070000e+03   3.0594000e-01
   1.3080000e+03   3.4696000e-01
   1.3090000e+03   3.8413000e-01
   1.3100000e+03   3.0114000e-01
   1.3110000e+03   3.3366000e-01
   1.3120000e+03   3.3337000e-01
   1.3130000e+03   3.1352000e-01
   1.3140000e+03   2.8833000e-01
   1.3150000e+03   2.8581000e-01
   1.3160000e+03   3.2419000e-01
   1.3170000e+03   3.1217000e-01
   1.3180000e+03   3.3328000e-01
   1.3190000e+03   2.6855000e-01
   1.3200000e+03   2.5872000e-01
   1.3210000e+03   2.9866000e-01
   1.3220000e+03   3.0217000e-01
   1.3230000e+03   2.3279000e-01
   1.3240000e+03   2.6249000e-01
   1.3250000e+03   3.2224000e-01
   1.3260000e+03   2.8051000e-01
   1.3270000e+03   2.6625000e-01
   1.3280000e+03   2.3450000e-01
   1.3290000e+03   1.7759000e-01
   1.3300000e+03   2.2923000e-01
   1.3310000e+03   1.4480000e-01
   1.3320000e+03   1.4579000e-01
   1.3330000e+03   2.0304000e-01
   1.3340000e+03   1.6925000e-01
   1.3350000e+03   2.3117000e-01
   1.3360000e+03   1.8348000e-01
   1.3370000e+03   1.6454000e-01
   1.3380000e+03   1.7804000e-01
   1.3390000e+03   1.7681000e-01
   1.3400000e+03   1.6831000e-01
   1.3410000e+03   1.7039000e-01
   1.3420000e+03   1.7798000e-01
   1.3430000e+03   1.2711000e-01
   1.3440000e+03   7.5645000e-02
   1.3450000e+03   1.0904000e-01
   1.3460000e+03   5.8186000e-02
   1.3470000e+03   6.0119000e-02
   1.3480000e+03   4.7451000e-03
   1.3490000e+03   1.6159000e-02
   1.3500000e+03   1.6025000e-02
   1.3510000e+03   4.6298000e-03
   1.3520000e+03   1.5164000e-03
   1.3530000e+03   9.6096000e-05
   1.3540000e+03   2.9009000e-04
   1.3550000e+03   3.6034000e-06
   1.3560000e+03   4.8070000e-05
   1.3570000e+03   7.1786000e-05
   1.3580000e+03   4.1948000e-06
   1.3590000e+03   7.3439000e-07
   1.3600000e+03   2.1404000e-06
   1.3610000e+03   4.8133000e-09
   1.3620000e+03   1.8076000e-11
   1.3630000e+03   3.1563000e-06
   1.3640000e+03   1.3589000e-06
   1.3650000e+03   9.0764000e-12
   1.3660000e+03   1.2791000e-05
   1.3670000e+03   4.9764000e-06
   1.3680000e+03   1.4810000e-13
   1.3690000e+03   5.1667000e-07
   1.3700000e+03   2.9200000e-07
   1.3710000e+03   1.9731000e-08
   1.3720000e+03   2.7498000e-06
   1.3730000e+03   4.4401000e-05
   1.3740000e+03   1.7917000e-04
   1.3750000e+03   3.2332000e-04
   1.3760000e+03   2.5748000e-04
   1.3770000e+03   1.2270000e-04
   1.3780000e+03   1.1089000e-03
   1.3790000e+03   5.2164000e-05
   1.3800000e+03   8.1587000e-05
   1.3810000e+03   2.3716000e-06
   1.3820000e+03   2.5672000e-06
   1.3830000e+03   4.4017000e-08
   1.3840000e+03   6.1689000e-07
   1.3850000e+03   2.0899000e-06
   1.3860000e+03   2.5215000e-06
   1.3870000e+03   1.9896000e-04
   1.3880000e+03   4.0262000e-06
   1.3890000e+03   5.8098000e-04
   1.3900000e+03   4.9328000e-04
   1.3910000e+03   3.4384000e-04
   1.3920000e+03   2.3782000e-05
   1.3930000e+03   1.1586000e-04
   1.3940000e+03   7.5526000e-05
   1.3950000e+03   6.7136000e-07
   1.3960000e+03   6.3215000e-09
   1.3970000e+03   4.9057000e-05
   1.3980000e+03   1.2704000e-03
   1.3990000e+03   8.1226000e-04
   1.4000000e+03   3.2466000e-09
   1.4010000e+03   1.0528000e-08
   1.4020000e+03   1.8353000e-03
   1.4030000e+03   2.3800000e-03
   1.4040000e+03   7.3892000e-04
   1.4050000e+03   3.6444000e-07
   1.4060000e+03   2.0448000e-03
   1.4070000e+03   1.7457000e-04
   1.4080000e+03   1.6493000e-03
   1.4090000e+03   6.1919000e-04
   1.4100000e+03   4.6653000e-04
   1.4110000e+03   2.1142000e-03
   1.4120000e+03   2.6396000e-03
   1.4130000e+03   2.3353000e-02
   1.4140000e+03   3.6378000e-04
   1.4150000e+03   1.8366000e-04
   1.4160000e+03   3.5565000e-02
   1.4170000e+03   1.1759000e-02
   1.4180000e+03   1.3559000e-02
   1.4190000e+03   2.1442000e-03
   1.4200000e+03   8.2718000e-03
   1.4210000e+03   9.1637000e-03
   1.4220000e+03   4.6314000e-02
   1.4230000e+03   9.2198000e-03
   1.4240000e+03   1.6975000e-02
   1.4250000e+03   2.5850000e-02
   1.4260000e+03   2.7792000e-02
   1.4270000e+03   4.9546000e-02
   1.4280000e+03   4.5588000e-03
   1.4290000e+03   3.8020000e-02
   1.4300000e+03   6.1601000e-02
   1.4310000e+03   5.0156000e-02
   1.4320000e+03   2.5194000e-03
   1.4330000e+03   3.5834000e-02
   1.4340000e+03   2.0962000e-02
   1.4350000e+03   2.1416000e-02
   1.4360000e+03   3.8351000e-02
   1.4370000e+03   2.9880000e-02
   1.4380000e+03   1.3263000e-02
   1.4390000e+03   5.1039000e-02
   1.4400000e+03   3.9601000e-02
   1.4410000e+03   3.1800000e-02
   1.4420000e+03   3.6317000e-02
   1.4430000e+03   4.5063000e-02
   1.4440000e+03   6.1791000e-02
   1.4450000e+03   4.9751000e-02
   1.4460000e+03   2.3095000e-02
   1.4470000e+03   3.6215000e-02
   1.4480000e+03   1.1569000e-01
   1.4490000e+03   1.0213000e-01
   1.4500000e+03   2.7412000e-02
   1.4510000e+03   1.1271000e-02
   1.4520000e+03   6.2361000e-02
   1.4530000e+03   8.1978000e-02
   1.4540000e+03   1.3759000e-01
   1.4550000e+03   6.6150000e-02
   1.4560000e+03   8.8509000e-02
   1.4570000e+03   1.1700000e-01
   1.4580000e+03   1.3643000e-01
   1.4590000e+03   1.6307000e-01
   1.4600000e+03   8.5421000e-02
   1.4610000e+03   9.0276000e-02
   1.4620000e+03   1.3060000e-01
   1.4630000e+03   4.3225000e-02
   1.4640000e+03   1.5184000e-01
   1.4650000e+03   9.3383000e-02
   1.4660000e+03   6.5197000e-02
   1.4670000e+03   3.6054000e-02
   1.4680000e+03   7.6942000e-02
   1.4690000e+03   9.4845000e-02
   1.4700000e+03   4.9678000e-02
   1.4710000e+03   1.7848000e-02
   1.4720000e+03   4.6771000e-02
   1.4730000e+03   7.0198000e-02
   1.4740000e+03   9.7339000e-02
   1.4750000e+03   1.8463000e-01
   1.4760000e+03   6.8778000e-02
   1.4770000e+03   6.9736000e-02
   1.4780000e+03   6.3480000e-02
   1.4790000e+03   1.2001000e-01
   1.4800000e+03   6.0637000e-02
   1.4810000e+03   1.1529000e-01
   1.4820000e+03   5.8490000e-02
   1.4830000e+03   1.4859000e-01
   1.4840000e+03   1.3747000e-01
   1.4850000e+03   1.2503000e-01
   1.4860000e+03   1.2340000e-01
   1.4870000e+03   6.0629000e-02
   1.4880000e+03   9.4180000e-02
   1.4890000e+03   1.8973000e-01
   1.4900000e+03   1.7478000e-01
   1.4910000e+03   1.9778000e-01
   1.4920000e+03   1.6441000e-01
   1.4930000e+03   1.8157000e-01
   1.4940000e+03   2.0367000e-01
   1.4950000e+03   1.8253000e-01
   1.4960000e+03   1.6852000e-01
   1.4970000e+03   2.2850000e-01
   1.4980000e+03   1.8968000e-01
   1.4990000e+03   2.1759000e-01
   1.5000000e+03   2.5061000e-01
   1.5010000e+03   2.6552000e-01
   1.5020000e+03   2.3356000e-01
   1.5030000e+03   1.8493000e-01
   1.5040000e+03   1.6029000e-01
   1.5050000e+03   1.8402000e-01
   1.5060000e+03   2.5773000e-01
   1.5070000e+03   2.5514000e-01
   1.5080000e+03   2.4302000e-01
   1.5090000e+03   1.8690000e-01
   1.5100000e+03   2.7052000e-01
   1.5110000e+03   2.6474000e-01
   1.5120000e+03   2.6068000e-01
   1.5130000e+03   2.4239000e-01
   1.5140000e+03   2.2571000e-01
   1.5150000e+03   2.6573000e-01
   1.5160000e+03   2.5683000e-01
   1.5170000e+03   2.4929000e-01
   1.5180000e+03   2.5211000e-01
   1.5190000e+03   2.4437000e-01
   1.5200000e+03   2.6450000e-01
   1.5210000e+03   2.7505000e-01
   1.5220000e+03   2.6378000e-01
   1.5230000e+03   2.8004000e-01
   1.5240000e+03   2.7539000e-01
   1.5250000e+03   2.5884000e-01
   1.5260000e+03   2.6745000e-01
   1.5270000e+03   2.6220000e-01
   1.5280000e+03   2.7928000e-01
   1.5290000e+03   2.7244000e-01
   1.5300000e+03   2.5522000e-01
   1.5310000e+03   2.6973000e-01
   1.5320000e+03   2.7839000e-01
   1.5330000e+03   2.7714000e-01
   1.5340000e+03   2.6892000e-01
   1.5350000e+03   2.6686000e-01
   1.5360000e+03   2.7464000e-01
   1.5370000e+03   2.7336000e-01
   1.5380000e+03   2.7202000e-01
   1.5390000e+03   2.7295000e-01
   1.5400000e+03   2.6491000e-01
   1.5410000e+03   2.6904000e-01
   1.5420000e+03   2.6927000e-01
   1.5430000e+03   2.7208000e-01
   1.5440000e+03   2.7210000e-01
   1.5450000e+03   2.7705000e-01
   1.5460000e+03   2.7481000e-01
   1.5470000e+03   2.7309000e-01
   1.5480000e+03   2.6675000e-01
   1.5490000e+03   2.7342000e-01
   1.5500000e+03   2.6990000e-01
   1.5510000e+03   2.7058000e-01
   1.5520000e+03   2.7182000e-01
   1.5530000e+03   2.7132000e-01
   1.5540000e+03   2.6474000e-01
   1.5550000e+03   2.6759000e-01
   1.5560000e+03   2.6310000e-01
   1.5570000e+03   2.7062000e-01
   1.5580000e+03   2.6848000e-01
   1.5590000e+03   2.6808000e-01
   1.5600000e+03   2.6568000e-01
   1.5610000e+03   2.7002000e-01
   1.5620000e+03   2.6756000e-01
   1.5630000e+03   2.6667000e-01
   1.5640000e+03   2.6264000e-01
   1.5650000e+03   2.6728000e-01
   1.5660000e+03   2.6245000e-01
   1.5670000e+03   2.6308000e-01
   1.5680000e+03   2.5722000e-01
   1.5690000e+03   2.5452000e-01
   1.5700000e+03   2.4175000e-01
   1.5710000e+03   2.3507000e-01
   1.5720000e+03   2.3775000e-01
   1.5730000e+03   2.3407000e-01
   1.5740000e+03   2.4145000e-01
   1.5750000e+03   2.3974000e-01
   1.5760000e+03   2.4678000e-01
   1.5770000e+03   2.1602000e-01
   1.5780000e+03   2.3516000e-01
   1.5790000e+03   2.3672000e-01
   1.5800000e+03   2.4464000e-01
   1.5810000e+03   2.4870000e-01
   1.5820000e+03   2.4195000e-01
   1.5830000e+03   2.4755000e-01
   1.5840000e+03   2.4904000e-01
   1.5850000e+03   2.5874000e-01
   1.5860000e+03   2.5569000e-01
   1.5870000e+03   2.5303000e-01
   1.5880000e+03   2.5107000e-01
   1.5890000e+03   2.3233000e-01
   1.5900000e+03   2.4179000e-01
   1.5910000e+03   2.4197000e-01
   1.5920000e+03   2.5225000e-01
   1.5930000e+03   2.5833000e-01
   1.5940000e+03   2.5624000e-01
   1.5950000e+03   2.5823000e-01
   1.5960000e+03   2.4452000e-01
   1.5970000e+03   2.4692000e-01
   1.5980000e+03   2.5421000e-01
   1.5990000e+03   2.4202000e-01
   1.6000000e+03   2.3810000e-01
